A=
 -6 1 -7 -3 -3 -5 -1 -1 3 -3 0 6 4 -4 -6
 2 8 -2 3 -7 -5 -5 -6 7 -1 -1 5 5 4 -1
 -7 5 -6 4 8 -3 -6 -4 7 -7 -2 4 2 5 -4
 -5 -8 -2 7 -2 1 8 -3 -8 -3 2 1 -1 -2 -4
 5 -5 -8 0 6 -2 3 -3 -3 6 -7 4 5 -4 -9
 4 -5 3 5 1 6 -9 8 -6 -8 -1 2 8 5 -4
 4 1 0 6 3 4 8 -3 -2 -7 -1 -8 3 -8 3
 5 -4 8 -9 -5 0 1 -3 4 -7 -6 2 -5 1 -9
 -5 -6 -2 -9 0 -7 -1 8 -9 -8 0 8 -3 -2 7
 4 0 6 5 -6 -4 5 -7 8 4 -8 4 -7 -4 -2

B=
 -2 8 5 -8 -6 3 1 -8 7 5 -9 6
 8 2 5 2 -9 -2 -2 5 -8 5 7 0
 0 -2 7 -7 6 -1 1 -1 -2 -7 6 4
 0 -6 0 -9 -4 5 5 4 8 0 7 3
 -5 7 -5 5 -7 1 5 6 0 -1 -2 6
 -9 -4 -7 7 4 3 0 2 -9 2 -1 0
 7 2 3 1 -4 -3 6 7 3 8 -3 4
 -2 6 -8 1 4 5 1 -9 -8 -3 3 5
 -3 8 3 -7 5 2 0 -1 5 7 6 -9
 8 3 -8 6 -4 -3 7 -2 4 2 -8 3
 7 -8 -6 -6 -2 3 -5 -4 -4 -5 3 -4
 0 -3 -7 -8 -8 -1 7 -1 1 -4 -8 -3
 -8 7 3 -6 -3 -5 -6 -2 -3 -9 7 1
 1 -8 6 8 -3 7 2 -8 8 -1 4 3
 3 7 -3 -6 -9 4 -1 1 3 0 -9 -3

Dlya A:
5008 2100 -27264 26624 -15168 8640 2688 -27976 -5440 -9728 
Dlya B:
-6912 288 196 -216 -350 -2268 -36 -3456 189 -1536 -4096 2048 -28864 192 4374 